000001
0000010
0000011
00000100
00000101
00000110
00000111
000001000
000001001
000001010
000001011
000001100
000001101
000001110
000001111
0000010000
0000010001
0000010010
0000010011
0000010100
0000010101
0000010110
0000010111
0000011000
0000011001
0000011010
0000011011
0000011100
0000011101
0000011110
0000011111
00000100000
00000100001
00000100010
00000100011
00000100100
00000100101
00000100110
00000100111
00000101000
00000101001
00000101010
00000101011
00000101100
00000101101
00000101110
00000101111
00000110000
00000110001
00000110010
00000110011
00000110100
00000110101
00000110110
00000110111
00000111000
00000111001
00000111010
00000111011
00000111100
00000111101
00000111110
00000111111
000001000000
000001000001
000001000010
000001000011
000001000100
000001000101
000001000110
000001000111
000001001000
000001001001
000001001010
000001001011
000001001100
000001001101
000001001110
000001001111
000001010000
000001010001
000001010010
000001010011
000001010100
000001010101
000001010110
000001010111
000001011000
000001011001
000001011010
000001011011
000001011100
000001011101
000001011110
000001011111
000001100000
000001100001
000001100010
000001100011
000001100100
000001100101
000001100110
000001100111
000001101000
000001101001
000001101010
000001101011
000001101100
000001101101
000001101110
000001101111
000001110000
000001110001
000001110010
000001110011
000001110100
000001110101
000001110110
000001110111
000001111000
000001111001
000001111010
000001111011
000001111100
000001111101
000001111110
000001111111
0000010000000
0000010000001
0000010000010
0000010000011
0000010000100
0000010000101
0000010000110
0000010000111
0000010001000
0000010001001
0000010001010
0000010001011
0000010001100
0000010001101
0000010001110
0000010001111
0000010010000
0000010010001
0000010010010
0000010010011
0000010010100
0000010010101
0000010010110
0000010010111
0000010011000
0000010011001
0000010011010
0000010011011
0000010011100
0000010011101
0000010011110
0000010011111
0000010100000
0000010100001
0000010100010
0000010100011
0000010100100
0000010100101
0000010100110
0000010100111
0000010101000
0000010101001
0000010101010
0000010101011
0000010101100
0000010101101
0000010101110
0000010101111
0000010110000
0000010110001
0000010110010
0000010110011
0000010110100
0000010110101
0000010110110
0000010110111
0000010111000
0000010111001
0000010111010
0000010111011
0000010111100
0000010111101
0000010111110
0000010111111
0000011000000
0000011000001
0000011000010
0000011000011
0000011000100
0000011000101
0000011000110
0000011000111
0000011001000
0000011001001
0000011001010
0000011001011
0000011001100
0000011001101
0000011001110
0000011001111
0000011010000
0000011010001
0000011010010
0000011010011
0000011010100
0000011010101
0000011010110
0000011010111
0000011011000
0000011011001
0000011011010
0000011011011
0000011011100
0000011011101
0000011011110
0000011011111
0000011100000
0000011100001
0000011100010
0000011100011
0000011100100
0000011100101
0000011100110
0000011100111
0000011101000
0000011101001
0000011101010
0000011101011
0000011101100
0000011101101
0000011101110
0000011101111
0000011110000
0000011110001
0000011110010
0000011110011
0000011110100
0000011110101
0000011110110
0000011110111
0000011111000
0000011111001
0000011111010
0000011111011
0000011111100
0000011111101
0000011111110
0000011111111
00000100000000
00000100000001
00000100000010
00000100000011
00000100000100
00000100000101
00000100000110
00000100000111
00000100001000
00000100001001
00000100001010
00000100001011
00000100001100
00000100001101
00000100001110
00000100001111
00000100010000
00000100010001
00000100010010
00000100010011
00000100010100
00000100010101
00000100010110
00000100010111
00000100011000
00000100011001
00000100011010
00000100011011
00000100011100
00000100011101
00000100011110
00000100011111
00000100100000
00000100100001
00000100100010
00000100100011
00000100100100
00000100100101
00000100100110
00000100100111
00000100101000
00000100101001
00000100101010
00000100101011
00000100101100
00000100101101
00000100101110
00000100101111
00000100110000
00000100110001
00000100110010
00000100110011
00000100110100
00000100110101
00000100110110
00000100110111
00000100111000
00000100111001
00000100111010
00000100111011
00000100111100
00000100111101
00000100111110
00000100111111
00000101000000
00000101000001
00000101000010
00000101000011
00000101000100
00000101000101
00000101000110
00000101000111
00000101001000
00000101001001
00000101001010
00000101001011
00000101001100
00000101001101
00000101001110
00000101001111
00000101010000
00000101010001
00000101010010
00000101010011
00000101010100
00000101010101
00000101010110
00000101010111
00000101011000
00000101011001
00000101011010
00000101011011
00000101011100
00000101011101
00000101011110
00000101011111
00000101100000
00000101100001
00000101100010
00000101100011
00000101100100
00000101100101
00000101100110
00000101100111
00000101101000
00000101101001
00000101101010
00000101101011
00000101101100
00000101101101
00000101101110
00000101101111
00000101110000
00000101110001
00000101110010
00000101110011
00000101110100
00000101110101
00000101110110
00000101110111
00000101111000
00000101111001
00000101111010
00000101111011
00000101111100
00000101111101
00000101111110
00000101111111
00000110000000
00000110000001
00000110000010
00000110000011
00000110000100
00000110000101
00000110000110
00000110000111
00000110001000
00000110001001
00000110001010
00000110001011
00000110001100
00000110001101
00000110001110
00000110001111
00000110010000
00000110010001
00000110010010
00000110010011
00000110010100
00000110010101
00000110010110
00000110010111
00000110011000
00000110011001
00000110011010
00000110011011
00000110011100
00000110011101
00000110011110
00000110011111
00000110100000
00000110100001
00000110100010
00000110100011
00000110100100
00000110100101
00000110100110
00000110100111
00000110101000
00000110101001
00000110101010
00000110101011
00000110101100
00000110101101
00000110101110
00000110101111
00000110110000
00000110110001
00000110110010
00000110110011
00000110110100
00000110110101
00000110110110
00000110110111
00000110111000
00000110111001
00000110111010
00000110111011
00000110111100
00000110111101
00000110111110
00000110111111
00000111000000
00000111000001
00000111000010
00000111000011
00000111000100
00000111000101
00000111000110
00000111000111
00000111001000
00000111001001
00000111001010
00000111001011
00000111001100
00000111001101
00000111001110
00000111001111
00000111010000
00000111010001
00000111010010
00000111010011
00000111010100
00000111010101
00000111010110
00000111010111
00000111011000
00000111011001
00000111011010
00000111011011
00000111011100
00000111011101
00000111011110
00000111011111
00000111100000
00000111100001
00000111100010
00000111100011
00000111100100
00000111100101
00000111100110
00000111100111
00000111101000
00000111101001
00000111101010
00000111101011
00000111101100
00000111101101
00000111101110
00000111101111
00000111110000
00000111110001
00000111110010
00000111110011
00000111110100
00000111110101
00000111110110
00000111110111
00000111111000
00000111111001
00000111111010
00000111111011
00000111111100
00000111111101
00000111111110
00000111111111
000001000000000
000001000000001
000001000000010
000001000000011
000001000000100
000001000000101
000001000000110
000001000000111
000001000001000
000001000001001
000001000001010
000001000001011
000001000001100
000001000001101
000001000001110
000001000001111
000001000010000
000001000010001
000001000010010
000001000010011
000001000010100
000001000010101
000001000010110
000001000010111
000001000011000
000001000011001
000001000011010
000001000011011
000001000011100
000001000011101
000001000011110
000001000011111
000001000100000
000001000100001
000001000100010
000001000100011
000001000100100
000001000100101
000001000100110
000001000100111
000001000101000
000001000101001
000001000101010
000001000101011
000001000101100
000001000101101
000001000101110
000001000101111
000001000110000
000001000110001
000001000110010
000001000110011
000001000110100
000001000110101
000001000110110
000001000110111
000001000111000
000001000111001
000001000111010
000001000111011
000001000111100
000001000111101
000001000111110
000001000111111
000001001000000
000001001000001
000001001000010
000001001000011
000001001000100
000001001000101
000001001000110
000001001000111
000001001001000
000001001001001
000001001001010
000001001001011
000001001001100
000001001001101
000001001001110
000001001001111
000001001010000
000001001010001
000001001010010
000001001010011
000001001010100
000001001010101
000001001010110
000001001010111
000001001011000
000001001011001
000001001011010
000001001011011
000001001011100
000001001011101
000001001011110
000001001011111
000001001100000
000001001100001
000001001100010
000001001100011
000001001100100
000001001100101
000001001100110
000001001100111
000001001101000
000001001101001
000001001101010
000001001101011
000001001101100
000001001101101
000001001101110
000001001101111
000001001110000
000001001110001
000001001110010
000001001110011
000001001110100
000001001110101
000001001110110
000001001110111
000001001111000
000001001111001
000001001111010
000001001111011
000001001111100
000001001111101
000001001111110
000001001111111
000001010000000
000001010000001
000001010000010
000001010000011
000001010000100
000001010000101
000001010000110
000001010000111
000001010001000
000001010001001
000001010001010
000001010001011
000001010001100
000001010001101
000001010001110
000001010001111
000001010010000
000001010010001
000001010010010
000001010010011
000001010010100
000001010010101
000001010010110
000001010010111
000001010011000
000001010011001
000001010011010
000001010011011
000001010011100
000001010011101
000001010011110
000001010011111
000001010100000
000001010100001
000001010100010
000001010100011
000001010100100
000001010100101
000001010100110
000001010100111
000001010101000
000001010101001
000001010101010
000001010101011
000001010101100
000001010101101
000001010101110
000001010101111
000001010110000
000001010110001
000001010110010
000001010110011
000001010110100
000001010110101
000001010110110
000001010110111
000001010111000
000001010111001
000001010111010
000001010111011
000001010111100
000001010111101
000001010111110
000001010111111
000001011000000
000001011000001
000001011000010
000001011000011
000001011000100
000001011000101
000001011000110
000001011000111
000001011001000
000001011001001
000001011001010
000001011001011
000001011001100
000001011001101
000001011001110
000001011001111
000001011010000
000001011010001
000001011010010
000001011010011
000001011010100
000001011010101
000001011010110
000001011010111
000001011011000
000001011011001
000001011011010
000001011011011
000001011011100
000001011011101
000001011011110
000001011011111
000001011100000
000001011100001
000001011100010
000001011100011
000001011100100
000001011100101
000001011100110
000001011100111
000001011101000
000001011101001
000001011101010
000001011101011
000001011101100
000001011101101
000001011101110
000001011101111
000001011110000
000001011110001
000001011110010
000001011110011
000001011110100
000001011110101
000001011110110
000001011110111
000001011111000
000001011111001
000001011111010
000001011111011
000001011111100
000001011111101
000001011111110
000001011111111
000001100000000
000001100000001
000001100000010
000001100000011
000001100000100
000001100000101
000001100000110
000001100000111
000001100001000
000001100001001
000001100001010
000001100001011
000001100001100
000001100001101
000001100001110
000001100001111
000001100010000
000001100010001
000001100010010
000001100010011
000001100010100
000001100010101
000001100010110
000001100010111
000001100011000
000001100011001
000001100011010
000001100011011
000001100011100
000001100011101
000001100011110
000001100011111
000001100100000
000001100100001
000001100100010
000001100100011
000001100100100
000001100100101
000001100100110
000001100100111
000001100101000
000001100101001
000001100101010
000001100101011
000001100101100
000001100101101
000001100101110
000001100101111
000001100110000
000001100110001
000001100110010
000001100110011
000001100110100
000001100110101
000001100110110
000001100110111
000001100111000
000001100111001
000001100111010
000001100111011
000001100111100
000001100111101
000001100111110
000001100111111
000001101000000
000001101000001
000001101000010
000001101000011
000001101000100
000001101000101
000001101000110
000001101000111
000001101001000
000001101001001
000001101001010
000001101001011
000001101001100
000001101001101
000001101001110
000001101001111
000001101010000
000001101010001
000001101010010
000001101010011
000001101010100
000001101010101
000001101010110
000001101010111
000001101011000
000001101011001
000001101011010
000001101011011
000001101011100
000001101011101
000001101011110
000001101011111
000001101100000
000001101100001
000001101100010
000001101100011
000001101100100
000001101100101
000001101100110
000001101100111
000001101101000
000001101101001
000001101101010
000001101101011
000001101101100
000001101101101
000001101101110
000001101101111
000001101110000
000001101110001
000001101110010
000001101110011
000001101110100
000001101110101
000001101110110
000001101110111
000001101111000
000001101111001
000001101111010
000001101111011
000001101111100
000001101111101
000001101111110
000001101111111
000001110000000
000001110000001
000001110000010
000001110000011
000001110000100
000001110000101
000001110000110
000001110000111
000001110001000
000001110001001
000001110001010
000001110001011
000001110001100
000001110001101
000001110001110
000001110001111
000001110010000
000001110010001
000001110010010
000001110010011
000001110010100
000001110010101
000001110010110
000001110010111
000001110011000
000001110011001
000001110011010
000001110011011
000001110011100
000001110011101
000001110011110
000001110011111
000001110100000
000001110100001
000001110100010
000001110100011
000001110100100
000001110100101
000001110100110
000001110100111
000001110101000
000001110101001
000001110101010
000001110101011
000001110101100
000001110101101
000001110101110
000001110101111
000001110110000
000001110110001
000001110110010
000001110110011
000001110110100
000001110110101
000001110110110
000001110110111
000001110111000
000001110111001
000001110111010
000001110111011
000001110111100
000001110111101
000001110111110
000001110111111
000001111000000
000001111000001
000001111000010
000001111000011
000001111000100
000001111000101
000001111000110
000001111000111
000001111001000
000001111001001
000001111001010
000001111001011
000001111001100
000001111001101
000001111001110
000001111001111
000001111010000
000001111010001
000001111010010
000001111010011
000001111010100
000001111010101
000001111010110
000001111010111
000001111011000
000001111011001
000001111011010
000001111011011
000001111011100
000001111011101
000001111011110
000001111011111
000001111100000
000001111100001
000001111100010
000001111100011
000001111100100
000001111100101
000001111100110
000001111100111